Run semi-empirical minimization
 &qmmm
    qm_theory='AM1', grms_tol=0.0005,
 scfconv=1.d-10, ndiis_attempts=700,   qmcharge=0,
 /
   6     C       24.3290      -24.0030       -0.1310 
   6    C1       21.3630      -27.2350       -4.1970 
   6    C2       21.9840      -26.7460       -5.5050 
   6    C3       22.9690      -25.5980       -5.3210 
   6    C4       22.4050      -24.5060       -4.4120 
   6    C5       21.9660      -26.5750       -2.9610 
   6    C6       21.8980      -25.0400       -3.0480 
   6    C7       22.4640      -24.3520       -1.7870 
   6    C8       23.9000      -24.7210       -1.4040 
   8     O       23.3480      -23.4500       -4.2820 
   1     H       25.3600      -24.2660        0.1230 
   1    H1       24.2730      -22.9170       -0.2520 
   1    H2       23.6910      -24.2900        0.7110 
   1    H3       20.2840      -27.0430       -4.2180 
   1    H4       21.4750      -28.3240       -4.1220 
   1    H5       22.4890      -27.5780       -6.0100 
   1    H6       21.1800      -26.4290       -6.1810 
   1    H7       23.9110      -25.9780       -4.9050 
   1    H8       23.2370      -25.1730       -6.2960 
   1    H9       21.5450      -24.0600       -4.9280 
   1   H10       21.4330      -26.9220       -2.0680 
   1   H11       23.0030      -26.9140       -2.8580 
   1   H12       20.8230      -24.7980       -3.0350 
   1   H13       22.3790      -23.2640       -1.9000 
   1   H14       21.8110      -24.6130       -0.9420 
   1   H15       24.5970      -24.4640       -2.2050 
   1   H16       23.9880      -25.7980       -1.2310 
   1   H17       24.2340      -23.8400       -4.1900 

